image_width: 640
image_height: 480
camera_name: dope_webcam_0
camera_matrix:
  rows: 3
  cols: 3
  #data: [641.5, 0, 320.0, 0, 641.5, 240.0, 0, 0, 1] fx 0 cx 0 fy cy 0 0 1
  data: [422.74438753, 0.0, 318.68035889, 0.0, 422.42329915, 242.97497559, 0.0, 0.0, 1]
distortion_model: plumb_bob
distortion_coefficients:
  rows: 1
  cols: 5
  data: [0, 0, 0, 0, 0]
rectification_matrix:
  rows: 3
  cols: 3
  data: [1, 0, 0, 0, 1, 0, 0, 0, 1]
projection_matrix:
  rows: 3
  cols: 4
  #data: [641.5, 0, 320.0, 0, 0, 641.5, 240.0, 0, 0, 0, 1, 0]
  #data: [634.364, 0.0, 637.801, 0.0, 0.0, 633.635, 364.958, 0.0, 0.0, 0.0, 0.0, 1.0]
  data: [422.74438753, 0.0, 318.68035889, 0.0, 0.0, 422.42329915, 242.97497559, 0.0, 0.0, 0.0, 0.0, 1.0]
  #data: [618.03881835937, 0, 256.0, 0, 0, 618.038818359375, 256.0, 0, 0, 0, 1, 0]
